10 20 2
12 11 1
16 19 3
27 27 2
29 22 1
31 20 3
37 22 2
39 24 2
39 24 2
67 20 1
87 27 2
93 23 2
103 9 2
107 14 2
110 25 2
111 22 2
111 22 2
127 19 2
128 23 2
129 20 1
165 15 3
174 19 2
174 19 2
184 12 2
184 12 2
189 18 2
189 18 2
204 20 2
223 19 2
223 19 2
224 19 2
238 17 2
238 17 2
240 12 2
240 12 2
252 19 2
252 19 2
253 11 1
266 20 2
274 21 1
278 26 2
303 18 2
304 19 2
304 19 2
313 14 3
316 23 2
316 23 2
320 17 2
325 12 2
325 12 2
328 12 1
329 21 2
343 21 3
343 12 3
344 25 2
344 25 2
344 22 3
351 17 2
355 23 2
355 23 2
355 8 1
378 18 1
378 15 1
380 20 2
380 20 2
382 19 2
382 18 2
382 18 2
386 24 2
393 18 1
393 23 2
393 23 2
397 13 2
397 13 2
400 13 2
400 13 2
401 31 1
414 24 2
414 24 2
422 20 1
432 17 1
432 26 2
444 20 1
453 18 1
477 20 3
487 15 2
494 20 2
494 20 2
525 19 2
525 19 2
527 18 3
531 22 2
531 22 2
552 14 2
552 14 2
569 25 1
571 21 2
571 21 2
588 20 3
606 17 3
614 25 2
619 22 2
619 22 2
620 22 3
638 19 2
638 19 2
640 20 1
640 14 3
647 16 2
667 22 3
677 23 3
683 16 2
683 16 2
686 15 3
687 12 3
696 12 2
707 13 1
707 15 2
707 15 2
707 13 1
708 21 3
715 27 2
717 16 3
717 19 2
717 19 2
722 18 2
738 26 2
738 26 2
752 15 2
752 15 2
755 25 3
757 19 2
757 19 2
759 25 3
764 22 2
764 22 2
764 11 2
764 11 2
781 20 3
783 23 2
793 23 2
793 23 2
802 26 1
858 11 3
858 19 1
864 14 1
865 25 2
870 19 3
871 22 2
875 23 2
877 18 1
882 15 1
892 24 2
892 24 2
911 20 2
913 19 2
913 19 2
923 11 2
923 11 2
934 23 1
936 14 2
936 14 2
936 22 1
941 23 1
957 28 1
966 17 2
984 24 2
984 24 2
992 15 3
1001 19 2
1002 17 2
1002 17 2
1006 17 2
1009 20 3
1024 18 2
1024 18 2
1036 14 2
1037 19 1
1042 24 1
1052 16 1
1054 22 1
1060 10 1
1064 23 3
1064 21 3
1070 21 2
1070 21 2
1086 23 1
1088 22 1
1098 13 3
1108 22 3
1115 19 2
1115 19 2
1123 24 2
1123 24 2
1126 21 3
1128 24 3
1153 23 2
1153 23 2
1158 18 2
1158 18 2
1159 21 3
1187 18 2
1187 18 2
1192 17 3
1197 23 1
1205 19 1
1226 18 1
1230 18 1
1231 18 3
1237 33 2
1246 18 1
1247 18 2
1247 18 2
1277 14 3
1286 21 2
1286 21 2
1288 18 2
1288 18 2
1292 22 1
1297 21 3
1303 29 2
1303 29 2
1313 18 3
1315 17 3
1316 24 1
1331 13 2
1331 13 2
1333 18 2
1340 19 2
1340 19 2
1340 26 2
1340 26 2
1342 19 2
1342 19 2
1354 14 3
1355 21 2
1358 19 1
1375 27 1
1388 22 2
1388 22 2
1389 14 1
1402 30 1
1402 20 3
1402 20 1
1442 16 2
1442 16 2
1444 15 2
1444 15 2
1457 9 2
1489 23 3
1489 14 1
1525 16 3
1525 22 2
1525 23 1
1539 28 1
1552 19 2
1557 25 3
1560 21 1
1572 17 3
