10 20 1
10 20 1
12 11 1
16 19 1
16 19 1
16 19 1
27 27 1
27 27 1
29 22 1
31 20 1
31 20 1
31 20 1
37 22 1
37 22 1
39 24 1
39 24 1
39 24 1
39 24 1
67 20 1
87 27 1
87 27 1
93 23 1
93 23 1
103 9 1
103 9 1
107 14 1
107 14 1
110 25 1
110 25 1
111 22 1
111 22 1
111 22 1
111 22 1
127 19 1
127 19 1
128 23 1
128 23 1
129 20 1
165 15 1
165 15 1
165 15 1
174 19 1
174 19 1
174 19 1
174 19 1
184 12 1
184 12 1
184 12 1
184 12 1
189 18 1
189 18 1
189 18 1
189 18 1
204 20 1
204 20 1
223 19 1
223 19 1
223 19 1
223 19 1
224 19 1
224 19 1
238 17 1
238 17 1
238 17 1
238 17 1
240 12 1
240 12 1
240 12 1
240 12 1
252 19 1
252 19 1
252 19 1
252 19 1
253 11 1
266 20 1
266 20 1
274 21 1
278 26 1
278 26 1
303 18 1
303 18 1
304 19 1
304 19 1
304 19 1
304 19 1
313 14 1
313 14 1
313 14 1
316 23 1
316 23 1
316 23 1
316 23 1
320 17 1
320 17 1
325 12 1
325 12 1
325 12 1
325 12 1
328 12 1
329 21 1
329 21 1
343 21 1
343 21 1
343 21 1
343 12 1
343 12 1
343 12 1
344 25 1
344 25 1
344 25 1
344 25 1
344 22 1
344 22 1
344 22 1
351 17 1
351 17 1
355 23 1
355 23 1
355 23 1
355 23 1
355 8 1
378 18 1
378 15 1
380 20 1
380 20 1
380 20 1
380 20 1
382 19 1
382 19 1
382 18 1
382 18 1
382 18 1
382 18 1
386 24 1
386 24 1
393 18 1
393 23 1
393 23 1
393 23 1
393 23 1
397 13 1
397 13 1
397 13 1
397 13 1
400 13 1
400 13 1
400 13 1
400 13 1
401 31 1
414 24 1
414 24 1
414 24 1
414 24 1
422 20 1
432 17 1
432 26 1
432 26 1
444 20 1
453 18 1
477 20 1
477 20 1
477 20 1
487 15 1
487 15 1
494 20 1
494 20 1
494 20 1
494 20 1
525 19 1
525 19 1
525 19 1
525 19 1
527 18 1
527 18 1
527 18 1
531 22 1
531 22 1
531 22 1
531 22 1
552 14 1
552 14 1
552 14 1
552 14 1
569 25 1
571 21 1
571 21 1
571 21 1
571 21 1
588 20 1
588 20 1
588 20 1
606 17 1
606 17 1
606 17 1
614 25 1
614 25 1
619 22 1
619 22 1
619 22 1
619 22 1
620 22 1
620 22 1
620 22 1
638 19 1
638 19 1
638 19 1
638 19 1
640 20 1
640 14 1
640 14 1
640 14 1
647 16 1
647 16 1
667 22 1
667 22 1
667 22 1
677 23 1
677 23 1
677 23 1
683 16 1
683 16 1
683 16 1
683 16 1
686 15 1
686 15 1
686 15 1
687 12 1
687 12 1
687 12 1
696 12 1
696 12 1
707 13 1
707 15 1
707 15 1
707 15 1
707 15 1
707 13 1
708 21 1
708 21 1
708 21 1
715 27 1
715 27 1
717 16 1
717 16 1
717 16 1
717 19 1
717 19 1
717 19 1
717 19 1
722 18 1
722 18 1
738 26 1
738 26 1
738 26 1
738 26 1
752 15 1
752 15 1
752 15 1
752 15 1
755 25 1
755 25 1
755 25 1
757 19 1
757 19 1
757 19 1
757 19 1
759 25 1
759 25 1
759 25 1
764 22 1
764 22 1
764 22 1
764 22 1
764 11 1
764 11 1
764 11 1
764 11 1
781 20 1
781 20 1
781 20 1
783 23 1
783 23 1
793 23 1
793 23 1
793 23 1
793 23 1
802 26 1
858 11 1
858 11 1
858 11 1
858 19 1
864 14 1
865 25 1
865 25 1
870 19 1
870 19 1
870 19 1
871 22 1
871 22 1
875 23 1
875 23 1
877 18 1
882 15 1
892 24 1
892 24 1
892 24 1
892 24 1
911 20 1
911 20 1
913 19 1
913 19 1
913 19 1
913 19 1
923 11 1
923 11 1
923 11 1
923 11 1
934 23 1
936 14 1
936 14 1
936 14 1
936 14 1
936 22 1
941 23 1
957 28 1
966 17 1
966 17 1
984 24 1
984 24 1
984 24 1
984 24 1
992 15 1
992 15 1
992 15 1
1001 19 1
1001 19 1
1002 17 1
1002 17 1
1002 17 1
1002 17 1
1006 17 1
1006 17 1
1009 20 1
1009 20 1
1009 20 1
1024 18 1
1024 18 1
1024 18 1
1024 18 1
1036 14 1
1036 14 1
1037 19 1
1042 24 1
1052 16 1
1054 22 1
1060 10 1
1064 23 1
1064 23 1
1064 23 1
1064 21 1
1064 21 1
1064 21 1
1070 21 1
1070 21 1
1070 21 1
1070 21 1
1086 23 1
1088 22 1
1098 13 1
1098 13 1
1098 13 1
1108 22 1
1108 22 1
1108 22 1
1115 19 1
1115 19 1
1115 19 1
1115 19 1
1123 24 1
1123 24 1
1123 24 1
1123 24 1
1126 21 1
1126 21 1
1126 21 1
1128 24 1
1128 24 1
1128 24 1
1153 23 1
1153 23 1
1153 23 1
1153 23 1
1158 18 1
1158 18 1
1158 18 1
1158 18 1
1159 21 1
1159 21 1
1159 21 1
1187 18 1
1187 18 1
1187 18 1
1187 18 1
1192 17 1
1192 17 1
1192 17 1
1197 23 1
1205 19 1
1226 18 1
1230 18 1
1231 18 1
1231 18 1
1231 18 1
1237 33 1
1237 33 1
1246 18 1
1247 18 1
1247 18 1
1247 18 1
1247 18 1
1277 14 1
1277 14 1
1277 14 1
1286 21 1
1286 21 1
1286 21 1
1286 21 1
1288 18 1
1288 18 1
1288 18 1
1288 18 1
1292 22 1
1297 21 1
1297 21 1
1297 21 1
1303 29 1
1303 29 1
1303 29 1
1303 29 1
1313 18 1
1313 18 1
1313 18 1
1315 17 1
1315 17 1
1315 17 1
1316 24 1
1331 13 1
1331 13 1
1331 13 1
1331 13 1
1333 18 1
1333 18 1
1340 19 1
1340 19 1
1340 19 1
1340 19 1
1340 26 1
1340 26 1
1340 26 1
1340 26 1
1342 19 1
1342 19 1
1342 19 1
1342 19 1
1354 14 1
1354 14 1
1354 14 1
1355 21 1
1355 21 1
1358 19 1
1375 27 1
1388 22 1
1388 22 1
1388 22 1
1388 22 1
1389 14 1
1402 30 1
1402 20 1
1402 20 1
1402 20 1
1402 20 1
1442 16 1
1442 16 1
1442 16 1
1442 16 1
1444 15 1
1444 15 1
1444 15 1
1444 15 1
1457 9 1
1457 9 1
1489 23 1
1489 23 1
1489 23 1
1489 14 1
1525 16 1
1525 16 1
1525 16 1
1525 22 1
1525 22 1
1525 23 1
1539 28 1
1552 19 1
1552 19 1
1557 25 1
1557 25 1
1557 25 1
1560 21 1
1572 17 1
1572 17 1
1572 17 1
