2 10 1
2 10 1
5 14 1
5 14 1
5 15 1
5 15 1
19 10 1
19 10 1
19 10 1
20 19 1
20 19 1
20 19 1
30 14 1
30 14 1
30 14 1
39 30 1
44 21 1
44 21 1
44 21 1
44 21 1
44 26 1
44 26 1
44 26 1
46 17 1
46 17 1
46 17 1
46 17 1
46 15 1
46 15 1
46 15 1
46 22 1
48 14 1
48 18 1
48 18 1
59 25 1
59 25 1
59 25 1
59 25 1
59 11 1
59 11 1
59 11 1
62 22 1
62 22 1
62 22 1
62 22 1
66 17 1
66 17 1
66 17 1
66 17 1
66 28 1
66 28 1
66 28 1
66 28 1
83 20 1
83 20 1
83 20 1
83 15 1
83 15 1
84 21 1
84 21 1
84 23 1
84 23 1
84 23 1
84 23 1
90 24 1
90 24 1
92 29 1
98 25 1
98 25 1
103 15 1
103 15 1
105 14 1
105 14 1
105 14 1
116 16 1
117 19 1
117 19 1
124 14 1
124 14 1
124 14 1
124 14 1
129 17 1
129 17 1
129 17 1
129 17 1
131 19 1
131 8 1
131 8 1
131 8 1
131 8 1
134 12 1
134 12 1
137 16 1
155 23 1
166 29 1
166 29 1
168 26 1
170 16 1
170 16 1
170 16 1
171 23 1
184 19 1
184 19 1
184 19 1
191 25 1
192 16 1
192 16 1
192 16 1
192 15 1
192 15 1
192 15 1
193 26 1
193 26 1
193 26 1
193 26 1
195 13 1
195 13 1
195 13 1
195 13 1
197 23 1
197 23 1
197 23 1
197 23 1
197 11 1
204 21 1
204 21 1
204 21 1
205 23 1
205 23 1
205 23 1
207 16 1
207 16 1
207 16 1
207 16 1
212 31 1
213 21 1
215 25 1
215 25 1
221 18 1
222 22 1
222 22 1
222 22 1
225 22 1
225 22 1
225 22 1
230 14 1
230 14 1
230 14 1
230 14 1
231 20 1
231 15 1
231 15 1
231 15 1
233 25 1
235 20 1
235 20 1
239 28 1
242 13 1
245 17 1
245 17 1
245 17 1
245 17 1
247 13 1
247 13 1
247 13 1
247 13 1
247 27 1
247 27 1
251 19 1
255 6 1
255 6 1
255 6 1
259 9 1
259 9 1
259 9 1
259 9 1
259 14 1
259 14 1
259 14 1
259 14 1
268 25 1
268 25 1
268 25 1
272 22 1
272 22 1
272 22 1
272 26 1
272 26 1
272 26 1
275 25 1
275 25 1
275 25 1
282 23 1
282 23 1
282 23 1
282 23 1
295 14 1
295 14 1
295 14 1
295 25 1
295 25 1
296 29 1
296 29 1
296 29 1
300 16 1
300 16 1
300 16 1
300 16 1
300 40 1
302 21 1
302 21 1
302 17 1
303 15 1
303 18 1
303 18 1
305 20 1
310 14 1
310 14 1
310 14 1
313 10 1
313 10 1
313 10 1
317 23 1
317 23 1
319 15 1
319 15 1
320 26 1
320 26 1
324 22 1
324 22 1
324 22 1
324 22 1
327 29 1
327 29 1
330 31 1
330 31 1
335 25 1
335 25 1
335 25 1
335 25 1
340 23 1
340 23 1
340 23 1
340 23 1
345 19 1
345 19 1
352 25 1
354 16 1
354 16 1
354 16 1
354 16 1
359 12 1
361 22 1
364 20 1
364 20 1
364 20 1
364 21 1
364 21 1
364 21 1
364 21 1
364 23 1
367 18 1
367 18 1
367 12 1
367 12 1
368 15 1
368 21 1
369 14 1
372 8 1
372 8 1
373 24 1
373 24 1
373 24 1
373 24 1
373 23 1
373 16 1
382 30 1
382 30 1
382 30 1
382 30 1
384 19 1
384 19 1
384 19 1
384 21 1
384 21 1
385 17 1
385 17 1
385 17 1
393 15 1
393 19 1
393 19 1
393 19 1
393 19 1
393 19 1
393 19 1
393 19 1
395 22 1
395 22 1
395 22 1
395 22 1
397 23 1
397 23 1
397 16 1
397 16 1
397 16 1
397 22 1
397 22 1
398 14 1
398 14 1
398 14 1
400 20 1
400 20 1
407 26 1
407 26 1
407 26 1
407 26 1
408 21 1
408 21 1
408 21 1
410 20 1
410 20 1
410 20 1
415 23 1
415 23 1
415 23 1
415 23 1
415 23 1
415 23 1
416 27 1
416 27 1
416 27 1
417 15 1
417 15 1
418 24 1
418 24 1
418 24 1
418 24 1
418 27 1
419 17 1
419 17 1
419 17 1
419 17 1
421 23 1
421 23 1
421 23 1
426 15 1
426 15 1
426 15 1
430 13 1
430 13 1
430 13 1
430 13 1
432 12 1
432 12 1
434 18 1
434 18 1
439 20 1
439 20 1
439 20 1
439 20 1
452 17 1
452 17 1
452 17 1
452 19 1
452 19 1
453 24 1
453 24 1
453 24 1
455 9 1
455 23 1
455 23 1
460 19 1
460 19 1
460 14 1
466 13 1
466 20 1
466 20 1
468 19 1
468 19 1
478 20 1
478 20 1
478 20 1
481 31 1
481 31 1
481 31 1
485 25 1
485 25 1
492 21 1
492 21 1
493 21 1
493 21 1
493 21 1
493 21 1
493 16 1
493 16 1
494 19 1
494 19 1
494 19 1
494 19 1
494 30 1
494 30 1
494 25 1
498 18 1
498 18 1
506 14 1
506 14 1
506 14 1
506 14 1
517 13 1
517 13 1
517 13 1
517 13 1
521 11 1
521 11 1
525 19 1
525 19 1
527 22 1
552 15 1
552 15 1
562 21 1
562 21 1
566 21 1
566 21 1
569 29 1
569 29 1
571 17 1
571 17 1
571 17 1
571 18 1
571 18 1
571 18 1
571 18 1
577 26 1
577 26 1
577 16 1
577 16 1
577 16 1
577 16 1
577 18 1
577 18 1
577 18 1
577 18 1
577 20 1
577 20 1
577 20 1
578 27 1
578 27 1
578 27 1
583 19 1
583 19 1
583 19 1
583 19 1
586 28 1
586 28 1
589 20 1
589 20 1
589 14 1
592 24 1
592 24 1
592 24 1
592 24 1
596 17 1
596 17 1
596 17 1
596 20 1
596 20 1
596 20 1
596 20 1
596 18 1
596 18 1
596 18 1
596 18 1
604 10 1
604 10 1
608 32 1
608 32 1
608 32 1
608 32 1
616 21 1
618 21 1
618 21 1
618 21 1
619 16 1
622 16 1
622 16 1
622 16 1
622 16 1
629 22 1
629 22 1
629 22 1
629 15 1
630 20 1
630 20 1
645 24 1
646 21 1
646 21 1
