(gdb) print current_time
$1 = 1600
(gdb) print next_index
$2 = 200
(gdb) print indexes_of_waiting_customers
$3 = std::vector of length 54, capacity 64 = {146, 147, 148, 149, 150, 151, 152, 153, 154, 155, 156, 157, 158, 159, 160, 161, 162, 163, 164, 165,    
  166, 167, 168, 169, 170, 171, 172, 173, 174, 175, 176, 177, 178, 179, 180, 181, 182, 183, 184, 185, 186, 187, 188, 189, 190, 191, 192, 193, 194,   
  195, 196, 197, 198, 199}
(gdb) print waiting_time_for_seats
$4 = {0, 0, 17}

capacity1, 2の座席が空いているので直前の挙動を確認する

実行結果
待ち顧客
10 20 2
12 11 1
16 19 3
27 27 2
29 22 1
31 20 3
37 22 2
39 24 4
67 20 1
87 27 2
に対して待ち時間が
-1
0
-1
-1
0
-1
-1
-1
0
-1
となり不自然．先頭の顧客はすぐに割当てられるべき
割り当ての関数で割当て可能の判定が出ていない
もう一度確認する