12 112 1
25 105 1
51 101 2
54 111 3
55 104 1
73 117 4
88 105 4
88 95 1
92 106 3
100 100 1
108 101 1
138 99 4
166 107 3
170 101 3
180 113 4
194 115 1
203 114 3
210 106 3
214 108 4
214 101 3
239 114 1
241 103 1
275 118 3
294 102 4
312 102 1
318 99 1
322 116 4
322 103 1
324 99 4
327 103 3
327 97 2
328 107 1
343 101 3
343 101 2
353 112 4
357 105 1
361 98 1
363 96 2
364 99 1
368 101 2
376 117 3
383 104 4
402 112 3
402 106 2
404 104 1
410 114 4
430 109 1
430 101 4
446 115 1
447 104 2
462 108 1
479 108 3
491 118 3
505 114 1
506 98 2
509 110 2
509 113 4
540 108 1
550 118 4
552 104 2
552 97 1
559 102 4
560 111 1
578 120 3
578 98 3
581 109 4
608 102 3
615 89 2
621 114 2
644 103 1
644 97 1
650 118 2
654 113 1
659 107 1
661 100 3
667 109 2
668 111 4
673 104 4
680 105 3
688 101 4
716 84 4
720 111 1
742 97 4
752 115 3
755 104 3
761 103 4
767 101 4
782 103 1
783 97 2
786 91 1
790 108 1
810 101 2
817 105 2
830 85 3
830 104 2
833 103 1
833 101 2
838 96 1
840 103 1
840 95 3
863 107 4
863 103 3
868 111 2
868 100 3
872 106 3
873 96 3
882 104 2
884 106 3
890 105 3
900 115 3
904 121 1
960 119 1
961 99 4
986 96 4
1021 111 3
1021 118 4
1036 110 4
1046 112 2
1052 103 3
1059 109 1
1070 107 4
1079 99 1
1083 111 2
1086 103 4
1089 114 3
1106 93 1
1111 109 4
1162 109 3
1162 99 2
1172 116 4
1174 110 4
1174 91 2
1176 100 1
1176 88 3
1181 104 1
1185 109 4
1186 96 2
1204 97 3
1207 104 4
1228 102 1
1229 103 3
1242 107 2
1246 98 1
1247 97 3
1251 108 3
1255 108 4
1256 109 3
1258 104 1
1263 105 4
1273 94 2
1288 98 3
1296 101 1
1311 111 4
1330 91 2
1334 112 1
1337 105 1
1338 109 3
1339 111 4
1345 103 2
1351 101 2
1357 105 2
1360 112 1
1385 105 4
1414 105 2
1415 94 2
1418 106 3
1423 108 4
1428 93 4
1434 91 4
1438 107 3
1444 102 4
1464 119 4
1474 105 2
1480 99 4
1483 93 3
1495 102 1
1522 106 3
1530 101 1
1546 114 2
1551 111 2
1556 105 2
1564 94 2
1573 97 2
1576 108 1
1576 99 4
1577 98 1
1581 118 1
1621 116 1
1624 112 4
1627 93 4
1627 106 1
1632 114 3
1632 105 4
1654 108 2
1655 112 2
1655 109 3
1656 111 2
1681 100 1
1687 104 3
1693 106 1
