  0  0  0  0  0  0  0  0  0  0  0  0 20  0  0  0  0  0  0  0  0  0  0  0  0  0  0  0  0  0  0  0  0  0  0  0  0  0  0  0  0  0
0
0
1
 11 11  0  0  0  0  0  0  0  0  0  0 18  0  0  0  0  0  0  0  0  0  0  0  0  0  0  0  0  0  0  0  0  0  0  0  0  0  0  0  0  0
  7  7  0  0  0  0  0  0  0  0  0  0 14  0  0  0  0  0  0  0  0  0  0 19  0  0  0  0  0  0  0  0  0  0  0  0  0  0  0  0  0  0
  0  0  0  0  0  0  0  0  0  0  0  0  3 27  0  0  0  0  0  0  0  0  0  8  0  0  0  0  0  0  0  0  0  0  0  0  0  0  0  0  0  0
0
0
1
 22 22  0  0  0  0  0  0  0  0  0  0  1 25  0  0  0  0  0  0  0  0  0  6  0  0  0  0  0  0  0  0  0  0  0  0  0  0  0  0  0  0
 20 20  0  0  0  0  0  0  0  0  0  0  0 23  0  0  0  0  0  0  0  0  0  4 20  0  0  0  0  0  0  0  0  0  0  0  0  0  0  0  0  0
 14 14  0  0  0  0  0  0  0  0  0  0 22 17  0  0  0  0  0  0  0  0  0  0 14  0  0  0  0  0  0  0  0  0  0  0  0  0  0  0  0  0
 12 12  0  0  0  0  0  0  0  0  0  0 20 15  0  0  0  0  0  0  0  0  0  0 12  0  0  0  0  0  0  0  0 24  0  0  0  0  0  0  0  0
0
0
1
 20 20  0  0  0  0  0  0  0  0  0  0  0  0  0  0  0  0  0  0  0  0  0  0  0  0  0  0  0  0  0  0  0  0  0  0  0  0  0  0  0  0
  0  0  0  0  0  0  0  0  0  0  0  0 27  0  0  0  0  0  0  0  0  0  0  0  0  0  0  0  0  0  0  0  0  0  0  0  0  0  0  0  0  0
  0  0  0  0  0  0  0  0  0  0  0  0 21 23  0  0  0  0  0  0  0  0  0  0  0  0  0  0  0  0  0  0  0  0  0  0  0  0  0  0  0  0
  0  0  0  0  0  0  0  0  0  0  0  0 11 13  9  0  0  0  0  0  0  0  0  0  0  0  0  0  0  0  0  0  0  0  0  0  0  0  0  0  0  0
  0  0  0  0  0  0  0  0  0  0  0  0  7  9  5 14  0  0  0  0  0  0  0  0  0  0  0  0  0  0  0  0  0  0  0  0  0  0  0  0  0  0
  0  0  0  0  0  0  0  0  0  0  0  0  4  6  2 11 25  0  0  0  0  0  0  0  0  0  0  0  0  0  0  0  0  0  0  0  0  0  0  0  0  0
  0  0  0  0  0  0  0  0  0  0  0  0  3  5  1 10 24  0  0  0  0  0  0  0  0  0  0  0  0  0  0  0  0 22  0  0  0  0  0  0  0  0
  0  0  0  0  0  0  0  0  0  0  0  0 19  0  0  0  8  0  0  0  0  0  0  0  0  0  0  0  0  0  0  0  0  6  0  0  0  0  0  0  0  0
  0  0  0  0  0  0  0  0  0  0  0  0 18 23  0  0  7  0  0  0  0  0  0  0  0  0  0  0  0  0  0  0  0  5  0  0  0  0  0  0  0  0
0
0
1
 20 20  0  0  0  0  0  0  0  0  0  0 17 22  0  0  6  0  0  0  0  0  0  0  0  0  0  0  0  0  0  0  0  4  0  0  0  0  0  0  0  0
  0  0  0  0  0  0  0  0  0  0  0  0  0  0  0  0  0  0  0  0  0  0  0 15  0  0  0  0  0  0  0  0  0  0  0  0  0  0  0  0  0  0
  0  0  0  0  0  0  0  0  0  0  0  0  0  0  0  0  0  0  0  0  0  0  0  6  0  0  0  0  0  0  0  0  0 19  0  0  0  0  0  0  0  0
  0  0  0  0  0  0  0  0  0  0  0  0  0  0  0  0  0  0  0  0  0  0  0  0  0  0  0  0  0  0  0  0  0  9 12  0  0  0  0  0  0  0
  0  0  0  0  0  0  0  0  0  0  0  0  0  0  0  0  0  0  0  0  0  0  0  0  0  0  0  0  0  0  0  0  0  4  7 18  0  0  0  0  0  0
  0  0  0  0  0  0  0  0  0  0  0  0 20  0  0  0  0  0  0  0  0  0  0  0  0  0  0  0  0  0  0  0  0  0  0  3  0  0  0  0  0  0
  0  0  0  0  0  0  0  0  0  0  0  0  1  0  0  0  0  0  0  0  0  0  0  0  0  0  0  0  0  0  0  0  0 19  0  0  0  0  0  0  0  0
  0  0  0  0  0  0  0  0  0  0  0  0 19  0  0  0  0  0  0  0  0  0  0  0  0  0  0  0  0  0  0  0  0 18  0  0  0  0  0  0  0  0
  0  0  0  0  0  0  0  0  0  0  0  0  5  0  0  0  0  0  0  0  0  0  0  0  0  0  0  0  0  0  0  0  0  4 17  0  0  0  0  0  0  0
  0  0  0  0  0  0  0  0  0  0  0  0  3  0  0  0  0  0  0  0  0  0  0  0  0  0  0  0  0  0  0  0  0  2 15 12  0  0  0  0  0  0
  0  0  0  0  0  0  0  0  0  0  0  0  0  0  0  0  0  0  0  0  0  0  0  0  0  0  0  0  0  0  0  0  0 19  3  0  0  0  0  0  0  0
0
0
1
 11 11  0  0  0  0  0  0  0  0  0  0  0  0  0  0  0  0  0  0  0  0  0  0  0  0  0  0  0  0  0  0  0 18  2  0  0  0  0  0  0  0
  0  0  0  0  0  0  0  0  0  0  0  0 20  0  0  0  0  0  0  0  0  0  0  0  0  0  0  0  0  0  0  0  0  5  0  0  0  0  0  0  0  0
0
0
1
 21 21  0  0  0  0  0  0  0  0  0  0 12  0  0  0  0  0  0  0  0  0  0  0  0  0  0  0  0  0  0  0  0  0  0  0  0  0  0  0  0  0
 17 17  0  0  0  0  0  0  0  0  0  0  8 26  0  0  0  0  0  0  0  0  0  0  0  0  0  0  0  0  0  0  0  0  0  0  0  0  0  0  0  0
  0  0  0  0  0  0  0  0  0  0  0  0 18  1  0  0  0  0  0  0  0  0  0  0  0  0  0  0  0  0  0  0  0  0  0  0  0  0  0  0  0  0
  0  0  0  0  0  0  0  0  0  0  0  0 17  0  0  0  0  0  0  0  0  0  0  0  0  0  0  0  0  0  0  0  0 19  0  0  0  0  0  0  0  0
  0  0  0  0  0  0  0  0  0  0  0  0  8  0  0  0  0  0  0  0  0  0  0 14  0  0  0  0  0  0  0  0  0 10  0  0  0  0  0  0  0  0
  0  0  0  0  0  0  0  0  0  0  0  0  5  0  0  0  0  0  0  0  0  0  0 11  0  0  0  0  0  0  0  0  0  7 23  0  0  0  0  0  0  0
  0  0  0  0  0  0  0  0  0  0  0  0  1 17  0  0  0  0  0  0  0  0  0  7  0  0  0  0  0  0  0  0  0  3 19  0  0  0  0  0  0  0
  0  0  0  0  0  0  0  0  0  0  0  0  0 12  0  0  0  0  0  0  0  0  0  2  0  0  0  0  0  0  0  0  0 12 14  0  0  0  0  0  0  0
0
0
1
 12 12  0  0  0  0  0  0  0  0  0  0  0  9  0  0  0  0  0  0  0  0  0  0  0  0  0  0  0  0  0  0  0  9 11  0  0  0  0  0  0  0
 11 11  0  0  0  0  0  0  0  0  0  0 21  8  0  0  0  0  0  0  0  0  0  0  0  0  0  0  0  0  0  0  0  8 10  0  0  0  0  0  0  0
  0  0  0  0  0  0  0  0  0  0  0  0  7  0  0  0  0  0  0  0  0  0  0 21  0  0  0  0  0  0  0  0  0  0  0  0  0  0  0  0  0  0
  0  0  0  0  0  0  0  0  0  0  0  0  7  0  0  0  0  0  0  0  0  0  0 21 12  0  0  0  0  0  0  0  0  0  0  0  0  0  0  0  0  0
  0  0  0  0  0  0  0  0  0  0  0  0  6  0  0  0  0  0  0  0  0  0  0 20 11  0  0  0  0  0  0  0  0 25  0  0  0  0  0  0  0  0
  0  0  0  0  0  0  0  0  0  0  0  0  6  0  0  0  0  0  0  0  0  0  0 20 11 22  0  0  0  0  0  0  0 25  0  0  0  0  0  0  0  0
  0  0  0  0  0  0  0  0  0  0  0  0 17  0  0  0  0  0  0  0  0  0  0 13  4 15  0  0  0  0  0  0  0 18  0  0  0  0  0  0  0  0
  0  0  0  0  0  0  0  0  0  0  0  0 13  0  0  0  0  0  0  0  0  0  0  9  0 11  0  0  0  0  0  0  0 14 23  0  0  0  0  0  0  0
0
0
1
  8  8  0  0  0  0  0  0  0  0  0  0 13  0  0  0  0  0  0  0  0  0  0  9  0 11  0  0  0  0  0  0  0 14 23  0  0  0  0  0  0  0
0
0
1
 18 18  0  0  0  0  0  0  0  0  0  0  0  0  0  0  0  0  0  0  0  0  0  0  0  0  0  0  0  0  0  0  0  0  0  0  0  0  0  0  0  0
2
2
3
 18 18 18 18  0  0  0  0  0  0  0  0  0  0  0  0  0  0  0  0  0  0  0  0  0  0  0  0  0  0  0  0  0  0  0  0  0  0  0  0  0  0
 16 16 16 16  0  0  0  0  0  0  0  0  0  0  0  0  0  0  0  0  0  0  0  0  0  0  0  0  0  0  0  0  0 20  0  0  0  0  0  0  0  0
 14 14 14 14  0  0  0  0  0  0  0  0 19  0  0  0  0  0  0  0  0  0  0  0  0  0  0  0  0  0  0  0  0 18  0  0  0  0  0  0  0  0
 14 14 14 14  0  0  0  0  0  0  0  0 19  0  0  0  0  0  0  0  0  0  0  0  0  0  0  0  0  0  0  0  0 18 18  0  0  0  0  0  0  0
 10 10 10 10  0  0  0  0  0  0  0  0 15 24  0  0  0  0  0  0  0  0  0  0  0  0  0  0  0  0  0  0  0 14 14  0  0  0  0  0  0  0
4
4
5
  3  3  3  3 18 18  0  0  0  0  0  0  8 17  0  0  0  0  0  0  0  0  0  0  0  0  0  0  0  0  0  0  0  7  7  0  0  0  0  0  0  0
  3  3  3  3 18 18  0  0  0  0  0  0  8 17  0  0  0  0  0  0  0  0  0  0  0  0  0  0  0  0  0  0  0  7  7 23  0  0  0  0  0  0
  0  0  0  0 14 14  0  0  0  0  0  0  4 13  0  0  0  0  0  0  0  0  0  0  0  0  0  0  0  0  0  0  0  3  3 19 13  0  0  0  0  0
  0  0  0  0 11 11  0  0  0  0  0  0  1 10  0  0  0  0  0  0  0  0  0  0  0  0  0  0  0  0  0  0  0 13  0 16 10  0  0  0  0  0
0
0
1
 31 31  0  0 10 10  0  0  0  0  0  0  0  9  0  0  0  0  0  0  0  0  0  0  0  0  0  0  0  0  0  0  0 12  0 15  9  0  0  0  0  0
 18 18  0  0  0  0  0  0  0  0  0  0  0  0  0  0  0  0  0  0  0  0  0  0  0  0  0  0  0  0  0  0  0 24  0  2  0  0  0  0  0  0
2
2
3
 10 10 20 20  0  0  0  0  0  0  0  0  0  0  0  0  0  0  0  0  0  0  0  0  0  0  0  0  0  0  0  0  0 16  0  0  0  0  0  0  0  0
0
0
1
 17 17 10 10  0  0  0  0  0  0  0  0  0  0  0  0  0  0  0  0  0  0  0  0  0  0  0  0  0  0  0  0  0  6  0  0  0  0  0  0  0  0
 17 17 10 10  0  0  0  0  0  0  0  0 26  0  0  0  0  0  0  0  0  0  0  0  0  0  0  0  0  0  0  0  0  6  0  0  0  0  0  0  0  0
2
2
3
  5  5 20 20  0  0  0  0  0  0  0  0 14  0  0  0  0  0  0  0  0  0  0  0  0  0  0  0  0  0  0  0  0  0  0  0  0  0  0  0  0  0
0
0
1
 18 18 11 11  0  0  0  0  0  0  0  0  5  0  0  0  0  0  0  0  0  0  0  0  0  0  0  0  0  0  0  0  0  0  0  0  0  0  0  0  0  0
  0  0  0  0  0  0  0  0  0  0  0  0  0  0  0  0  0  0  0  0  0  0  0 20  0  0  0  0  0  0  0  0  0  0  0  0  0  0  0  0  0  0
  0  0  0  0  0  0  0  0  0  0  0  0 15  0  0  0  0  0  0  0  0  0  0 10  0  0  0  0  0  0  0  0  0  0  0  0  0  0  0  0  0  0
  0  0  0  0  0  0  0  0  0  0  0  0  8  0  0  0  0  0  0  0  0  0  0  3  0  0  0  0  0  0  0  0  0 20  0  0  0  0  0  0  0  0
  0  0  0  0  0  0  0  0  0  0  0  0  0  0  0  0  0  0  0  0  0  0  0  0  0  0  0  0  0  0  0  0  0 19  0  0  0  0  0  0  0  0
  0  0  0  0  0  0  0  0  0  0  0  0  0  0  0  0  0  0  0  0  0  0  0 18  0  0  0  0  0  0  0  0  0 17  0  0  0  0  0  0  0  0
  0  0  0  0  0  0  0  0  0  0  0  0  0  0  0  0  0  0  0  0  0  0  0 14  0  0  0  0  0  0  0  0  0 13 22  0  0  0  0  0  0  0
  0  0  0  0  0  0  0  0  0  0  0  0  0  0  0  0  0  0  0  0  0  0  0  0  0  0  0  0  0  0  0  0  0 14  1  0  0  0  0  0  0  0
0
0
1
 25 25  0  0  0  0  0  0  0  0  0  0  0  0  0  0  0  0  0  0  0  0  0  0  0  0  0  0  0  0  0  0  0  0  0  0  0  0  0  0  0  0
 23 23  0  0  0  0  0  0  0  0  0  0  0  0  0  0  0  0  0  0  0  0  0  0  0  0  0  0  0  0  0  0  0 21  0  0  0  0  0  0  0  0
  6  6  0  0  0  0  0  0  0  0  0  0  0  0  0  0  0  0  0  0  0  0  0 20  0  0  0  0  0  0  0  0  0  4  0  0  0  0  0  0  0  0
  0  0  0  0  0  0  0  0  0  0  0  0  0  0  0  0  0  0  0  0  0  0  0  2 17  0  0  0  0  0  0  0  0  0  0  0  0  0  0  0  0  0
  0  0  0  0  0  0  0  0  0  0  0  0 25  0  0  0  0  0  0  0  0  0  0  0  9  0  0  0  0  0  0  0  0  0  0  0  0  0  0  0  0  0
  0  0  0  0  0  0  0  0  0  0  0  0 20  0  0  0  0  0  0  0  0  0  0  0  4  0  0  0  0  0  0  0  0 22  0  0  0  0  0  0  0  0
  0  0  0  0  0  0  0  0  0  0  0  0 19  0  0  0  0  0  0  0  0  0  0 22  3  0  0  0  0  0  0  0  0 21  0  0  0  0  0  0  0  0
  0  0  0  0  0  0  0  0  0  0  0  0  1  0  0  0  0  0  0  0  0  0  0  4  0  0  0  0  0  0  0  0  0  3 19  0  0  0  0  0  0  0
0
0
1
 20 20  0  0  0  0  0  0  0  0  0  0  0  0  0  0  0  0  0  0  0  0  0  2  0  0  0  0  0  0  0  0  0  1 17  0  0  0  0  0  0  0
 20 20  0  0  0  0  0  0  0  0  0  0  0  0  0  0  0  0  0  0  0  0  0  2 14  0  0  0  0  0  0  0  0  1 17  0  0  0  0  0  0  0
 13 13  0  0  0  0  0  0  0  0  0  0 16  0  0  0  0  0  0  0  0  0  0  0  7  0  0  0  0  0  0  0  0  0 10  0  0  0  0  0  0  0
  0  0  0  0  0  0  0  0  0  0  0  0  0  0  0  0  0  0  0  0  0  0  0 22  0  0  0  0  0  0  0  0  0  0  0  0  0  0  0  0  0  0
  0  0  0  0  0  0  0  0  0  0  0  0  0  0  0  0  0  0  0  0  0  0  0 12 23  0  0  0  0  0  0  0  0  0  0  0  0  0  0  0  0  0
  0  0  0  0  0  0  0  0  0  0  0  0  0  0  0  0  0  0  0  0  0  0  0  6 17  0  0  0  0  0  0  0  0 16  0  0  0  0  0  0  0  0
  0  0  0  0  0  0  0  0  0  0  0  0  0  0  0  0  0  0  0  0  0  0  0  3 14 15  0  0  0  0  0  0  0 13  0  0  0  0  0  0  0  0
  0  0  0  0  0  0  0  0  0  0  0  0  0  0  0  0  0  0  0  0  0  0  0  2 13 14 12  0  0  0  0  0  0 12  0  0  0  0  0  0  0  0
  0  0  0  0  0  0  0  0  0  0  0  0 12  0  0  0  0  0  0  0  0  0  0  0  4  5  3  0  0  0  0  0  0  3  0  0  0  0  0  0  0  0
0
0
1
 13 13  0  0  0  0  0  0  0  0  0  0  1  0  0  0  0  0  0  0  0  0  0  0  0  0  0  0  0  0  0  0  0  0  0  0  0  0  0  0  0  0
 13 13  0  0  0  0  0  0  0  0  0  0  1  0  0  0  0  0  0  0  0  0  0  0  0  0  0  0  0  0  0  0  0 15  0  0  0  0  0  0  0  0
2
2
3
 13 13 13 13  0  0  0  0  0  0  0  0  1  0  0  0  0  0  0  0  0  0  0  0  0  0  0  0  0  0  0  0  0 15  0  0  0  0  0  0  0  0
 12 12 12 12  0  0  0  0  0  0  0  0  0  0  0  0  0  0  0  0  0  0  0 21  0  0  0  0  0  0  0  0  0 14  0  0  0  0  0  0  0  0
  5  5  5  5  0  0  0  0  0  0  0  0 27  0  0  0  0  0  0  0  0  0  0 14  0  0  0  0  0  0  0  0  0  7  0  0  0  0  0  0  0  0
  3  3  3  3  0  0  0  0  0  0  0  0 25  0  0  0  0  0  0  0  0  0  0 12 16  0  0  0  0  0  0  0  0  5  0  0  0  0  0  0  0  0
  3  3  3  3  0  0  0  0  0  0  0  0 25  0  0  0  0  0  0  0  0  0  0 12 16  0  0  0  0  0  0  0  0  5 19  0  0  0  0  0  0  0
  0  0  0  0  0  0  0  0  0  0  0  0 20 18  0  0  0  0  0  0  0  0  0  7 11  0  0  0  0  0  0  0  0  0 14  0  0  0  0  0  0  0
  0  0  0  0  0  0  0  0  0  0  0  0  4  2  0  0  0  0  0  0  0  0  0  0  0  0  0  0  0  0  0  0  0 26  0  0  0  0  0  0  0  0
  0  0  0  0  0  0  0  0  0  0  0  0  0  0  0  0  0  0  0  0  0  0  0  0  0  0  0  0  0  0  0  0  0 12 15  0  0  0  0  0  0  0
  0  0  0  0  0  0  0  0  0  0  0  0  0  0  0  0  0  0  0  0  0  0  0 25  0  0  0  0  0  0  0  0  0  9 12  0  0  0  0  0  0  0
  0  0  0  0  0  0  0  0  0  0  0  0  0  0  0  0  0  0  0  0  0  0  0 23  0  0  0  0  0  0  0  0  0  7 10 19  0  0  0  0  0  0
  0  0  0  0  0  0  0  0  0  0  0  0  0  0  0  0  0  0  0  0  0  0  0 21 25  0  0  0  0  0  0  0  0  5  8 17  0  0  0  0  0  0
  0  0  0  0  0  0  0  0  0  0  0  0  0  0  0  0  0  0  0  0  0  0  0 16 20  0  0  0  0  0  0  0  0 22  3 12  0  0  0  0  0  0
  0  0  0  0  0  0  0  0  0  0  0  0  0  0  0  0  0  0  0  0  0  0  0 16 20  0  0  0  0  0  0  0  0 22  3 12 11  0  0  0  0  0
  0  0  0  0  0  0  0  0  0  0  0  0  0  0  0  0  0  0  0  0  0  0  0 20  3  0  0  0  0  0  0  0  0  5  0  0  0  0  0  0  0  0
  0  0  0  0  0  0  0  0  0  0  0  0 23  0  0  0  0  0  0  0  0  0  0 18  1  0  0  0  0  0  0  0  0  3  0  0  0  0  0  0  0  0
  0  0  0  0  0  0  0  0  0  0  0  0 13  0  0  0  0  0  0  0  0  0  0  8  0  0  0  0  0  0  0  0  0 23  0  0  0  0  0  0  0  0
0
0
1
 26 26  0  0  0  0  0  0  0  0  0  0  4  0  0  0  0  0  0  0  0  0  0  0  0  0  0  0  0  0  0  0  0 14  0  0  0  0  0  0  0  0
  0  0  0  0  0  0  0  0  0  0  0  0  0  0  0  0  0  0  0  0  0  0  0 11  0  0  0  0  0  0  0  0  0  0  0  0  0  0  0  0  0  0
0
0
1
 19 19  0  0  0  0  0  0  0  0  0  0  0  0  0  0  0  0  0  0  0  0  0 11  0  0  0  0  0  0  0  0  0  0  0  0  0  0  0  0  0  0
2
2
3
 13 13 14 14  0  0  0  0  0  0  0  0  0  0  0  0  0  0  0  0  0  0  0  5  0  0  0  0  0  0  0  0  0  0  0  0  0  0  0  0  0  0
 12 12 13 13  0  0  0  0  0  0  0  0 25  0  0  0  0  0  0  0  0  0  0  4  0  0  0  0  0  0  0  0  0  0  0  0  0  0  0  0  0  0
  7  7  8  8  0  0  0  0  0  0  0  0 20  0  0  0  0  0  0  0  0  0  0 19  0  0  0  0  0  0  0  0  0  0  0  0  0  0  0  0  0  0
  6  6  7  7  0  0  0  0  0  0  0  0 19 22  0  0  0  0  0  0  0  0  0 18  0  0  0  0  0  0  0  0  0  0  0  0  0  0  0  0  0  0
  2  2  3  3  0  0  0  0  0  0  0  0 15 18 23  0  0  0  0  0  0  0  0 14  0  0  0  0  0  0  0  0  0  0  0  0  0  0  0  0  0  0
0
0
1
 18 18  1  1  0  0  0  0  0  0  0  0 13 16 21  0  0  0  0  0  0  0  0 12  0  0  0  0  0  0  0  0  0  0  0  0  0  0  0  0  0  0
2
2
3
 13 13 15 15  0  0  0  0  0  0  0  0  8 11 16  0  0  0  0  0  0  0  0  7  0  0  0  0  0  0  0  0  0  0  0  0  0  0  0  0  0  0
  3  3  5  5  0  0  0  0  0  0  0  0  0  1  6  0  0  0  0  0  0  0  0  0  0  0  0  0  0  0  0  0  0 24  0  0  0  0  0  0  0  0
  0  0  0  0  0  0  0  0  0  0  0  0 20  0  0  0  0  0  0  0  0  0  0  0  0  0  0  0  0  0  0  0  0  5  0  0  0  0  0  0  0  0
  0  0  0  0  0  0  0  0  0  0  0  0 18  0  0  0  0  0  0  0  0  0  0  0  0  0  0  0  0  0  0  0  0  3 19  0  0  0  0  0  0  0
  0  0  0  0  0  0  0  0  0  0  0  0  8  0  0  0  0  0  0  0  0  0  0  0  0  0  0  0  0  0  0  0  0 11  9  0  0  0  0  0  0  0
0
0
1
 23 23  0  0  0  0  0  0  0  0  0  0  0  0  0  0  0  0  0  0  0  0  0  0  0  0  0  0  0  0  0  0  0  0  0  0  0  0  0  0  0  0
 21 21  0  0  0  0  0  0  0  0  0  0  0  0  0  0  0  0  0  0  0  0  0  0  0  0  0  0  0  0  0  0  0 14  0  0  0  0  0  0  0  0
2
2
3
 21 21 22 22  0  0  0  0  0  0  0  0  0  0  0  0  0  0  0  0  0  0  0  0  0  0  0  0  0  0  0  0  0 14  0  0  0  0  0  0  0  0
4
4
5
 16 16 17 17 23 23  0  0  0  0  0  0  0  0  0  0  0  0  0  0  0  0  0  0  0  0  0  0  0  0  0  0  0  9  0  0  0  0  0  0  0  0
0
0
1
 28 28  1  1  7  7  0  0  0  0  0  0  0  0  0  0  0  0  0  0  0  0  0  0  0  0  0  0  0  0  0  0  0  0  0  0  0  0  0  0  0  0
 19 19  0  0  0  0  0  0  0  0  0  0 17  0  0  0  0  0  0  0  0  0  0  0  0  0  0  0  0  0  0  0  0  0  0  0  0  0  0  0  0  0
  1  1  0  0  0  0  0  0  0  0  0  0  0  0  0  0  0  0  0  0  0  0  0  0  0  0  0  0  0  0  0  0  0 24  0  0  0  0  0  0  0  0
  0  0  0  0  0  0  0  0  0  0  0  0  0  0  0  0  0  0  0  0  0  0  0 15  0  0  0  0  0  0  0  0  0 16  0  0  0  0  0  0  0  0
  0  0  0  0  0  0  0  0  0  0  0  0 19  0  0  0  0  0  0  0  0  0  0  6  0  0  0  0  0  0  0  0  0  7  0  0  0  0  0  0  0  0
  0  0  0  0  0  0  0  0  0  0  0  0 18  0  0  0  0  0  0  0  0  0  0  5  0  0  0  0  0  0  0  0  0  6 17  0  0  0  0  0  0  0
  0  0  0  0  0  0  0  0  0  0  0  0 14 17  0  0  0  0  0  0  0  0  0  1  0  0  0  0  0  0  0  0  0  2 13  0  0  0  0  0  0  0
  0  0  0  0  0  0  0  0  0  0  0  0 11 14  0  0  0  0  0  0  0  0  0 20  0  0  0  0  0  0  0  0  0  0 10  0  0  0  0  0  0  0
  0  0  0  0  0  0  0  0  0  0  0  0  0  0  0  0  0  0  0  0  0  0  0  5  0  0  0  0  0  0  0  0  0 18  0  0  0  0  0  0  0  0
  0  0  0  0  0  0  0  0  0  0  0  0 14  0  0  0  0  0  0  0  0  0  0  0  0  0  0  0  0  0  0  0  0  6  0  0  0  0  0  0  0  0
0
0
1
 19 19  0  0  0  0  0  0  0  0  0  0 13  0  0  0  0  0  0  0  0  0  0  0  0  0  0  0  0  0  0  0  0  5  0  0  0  0  0  0  0  0
2
2
3
 14 14 24 24  0  0  0  0  0  0  0  0  8  0  0  0  0  0  0  0  0  0  0  0  0  0  0  0  0  0  0  0  0  0  0  0  0  0  0  0  0  0
4
4
5
  4  4 14 14 16 16  0  0  0  0  0  0  0  0  0  0  0  0  0  0  0  0  0  0  0  0  0  0  0  0  0  0  0  0  0  0  0  0  0  0  0  0
6
6
7
  2  2 12 12 14 14 22 22  0  0  0  0  0  0  0  0  0  0  0  0  0  0  0  0  0  0  0  0  0  0  0  0  0  0  0  0  0  0  0  0  0  0
0
0
1
 10 10  6  6  8  8 16 16  0  0  0  0  0  0  0  0  0  0  0  0  0  0  0  0  0  0  0  0  0  0  0  0  0  0  0  0  0  0  0  0  0  0
  6  6  2  2  4  4 12 12  0  0  0  0  0  0  0  0  0  0  0  0  0  0  0 23  0  0  0  0  0  0  0  0  0  0  0  0  0  0  0  0  0  0
  6  6  2  2  4  4 12 12  0  0  0  0  0  0  0  0  0  0  0  0  0  0  0 23 21  0  0  0  0  0  0  0  0  0  0  0  0  0  0  0  0  0
  0  0  0  0  0  0  6  6  0  0  0  0  0  0  0  0  0  0  0  0  0  0  0 17 15  0  0  0  0  0  0  0  0 21  0  0  0  0  0  0  0  0
0
0
1
 23 23  0  0  0  0  0  0  0  0  0  0  0  0  0  0  0  0  0  0  0  0  0  1  0  0  0  0  0  0  0  0  0  5  0  0  0  0  0  0  0  0
2
2
3
 21 21 22 22  0  0  0  0  0  0  0  0  0  0  0  0  0  0  0  0  0  0  0  0  0  0  0  0  0  0  0  0  0  3  0  0  0  0  0  0  0  0
 11 11 12 12  0  0  0  0  0  0  0  0  0  0  0  0  0  0  0  0  0  0  0 13  0  0  0  0  0  0  0  0  0  0  0  0  0  0  0  0  0  0
  1  1  2  2  0  0  0  0  0  0  0  0  0  0  0  0  0  0  0  0  0  0  0  3 22  0  0  0  0  0  0  0  0  0  0  0  0  0  0  0  0  0
  0  0  0  0  0  0  0  0  0  0  0  0  0  0  0  0  0  0  0  0  0  0  0  0 15  0  0  0  0  0  0  0  0 19  0  0  0  0  0  0  0  0
  0  0  0  0  0  0  0  0  0  0  0  0  0  0  0  0  0  0  0  0  0  0  0  0  7  0  0  0  0  0  0  0  0 11 24  0  0  0  0  0  0  0
  0  0  0  0  0  0  0  0  0  0  0  0  0  0  0  0  0  0  0  0  0  0  0 21  4  0  0  0  0  0  0  0  0  8 21  0  0  0  0  0  0  0
  0  0  0  0  0  0  0  0  0  0  0  0  0  0  0  0  0  0  0  0  0  0  0 19  2 24  0  0  0  0  0  0  0  6 19  0  0  0  0  0  0  0
  0  0  0  0  0  0  0  0  0  0  0  0  0  0  0  0  0  0  0  0  0  0  0  0  0  0  0  0  0  0  0  0  0 23  0  0  0  0  0  0  0  0
  0  0  0  0  0  0  0  0  0  0  0  0 18  0  0  0  0  0  0  0  0  0  0  0  0  0  0  0  0  0  0  0  0 18  0  0  0  0  0  0  0  0
  0  0  0  0  0  0  0  0  0  0  0  0 18 18  0  0  0  0  0  0  0  0  0  0  0  0  0  0  0  0  0  0  0 18  0  0  0  0  0  0  0  0
  0  0  0  0  0  0  0  0  0  0  0  0 17 17  0  0  0  0  0  0  0  0  0 21  0  0  0  0  0  0  0  0  0 17  0  0  0  0  0  0  0  0
  0  0  0  0  0  0  0  0  0  0  0  0  0  0  0  0  0  0  0  0  0  0  0  0  0  0  0  0  0  0  0  0  0 18  0  0  0  0  0  0  0  0
  0  0  0  0  0  0  0  0  0  0  0  0  0  0  0  0  0  0  0  0  0  0  0 17  0  0  0  0  0  0  0  0  0 13  0  0  0  0  0  0  0  0
0
0
1
 23 23  0  0  0  0  0  0  0  0  0  0  0  0  0  0  0  0  0  0  0  0  0 12  0  0  0  0  0  0  0  0  0  8  0  0  0  0  0  0  0  0
2
2
3
 15 15 19 19  0  0  0  0  0  0  0  0  0  0  0  0  0  0  0  0  0  0  0  4  0  0  0  0  0  0  0  0  0  0  0  0  0  0  0  0  0  0
0
0
1
 18 18  0  0  0  0  0  0  0  0  0  0  0  0  0  0  0  0  0  0  0  0  0  0  0  0  0  0  0  0  0  0  0  0  0  0  0  0  0  0  0  0
2
2
3
 14 14 18 18  0  0  0  0  0  0  0  0  0  0  0  0  0  0  0  0  0  0  0  0  0  0  0  0  0  0  0  0  0  0  0  0  0  0  0  0  0  0
 13 13 17 17  0  0  0  0  0  0  0  0  0  0  0  0  0  0  0  0  0  0  0 18  0  0  0  0  0  0  0  0  0  0  0  0  0  0  0  0  0  0
  7  7 11 11  0  0  0  0  0  0  0  0 33  0  0  0  0  0  0  0  0  0  0 12  0  0  0  0  0  0  0  0  0  0  0  0  0  0  0  0  0  0
0
0
1
 18 18  2  2  0  0  0  0  0  0  0  0 24  0  0  0  0  0  0  0  0  0  0  3  0  0  0  0  0  0  0  0  0  0  0  0  0  0  0  0  0  0
 17 17  1  1  0  0  0  0  0  0  0  0 23  0  0  0  0  0  0  0  0  0  0  2  0  0  0  0  0  0  0  0  0 18  0  0  0  0  0  0  0  0
  0  0  0  0  0  0  0  0  0  0  0  0  0  0  0  0  0  0  0  0  0  0  0 14  0  0  0  0  0  0  0  0  0  0  0  0  0  0  0  0  0  0
  0  0  0  0  0  0  0  0  0  0  0  0  0  0  0  0  0  0  0  0  0  0  0  5  0  0  0  0  0  0  0  0  0 21  0  0  0  0  0  0  0  0
  0  0  0  0  0  0  0  0  0  0  0  0  0  0  0  0  0  0  0  0  0  0  0  3  0  0  0  0  0  0  0  0  0 19 18  0  0  0  0  0  0  0
0
0
1
 22 22  0  0  0  0  0  0  0  0  0  0  0  0  0  0  0  0  0  0  0  0  0  0  0  0  0  0  0  0  0  0  0 15 14  0  0  0  0  0  0  0
 17 17  0  0  0  0  0  0  0  0  0  0  0  0  0  0  0  0  0  0  0  0  0 21  0  0  0  0  0  0  0  0  0 10  9  0  0  0  0  0  0  0
 11 11  0  0  0  0  0  0  0  0  0  0  0  0  0  0  0  0  0  0  0  0  0 15  0  0  0  0  0  0  0  0  0  4  3 29  0  0  0  0  0  0
  1  1  0  0  0  0  0  0  0  0  0  0  0  0  0  0  0  0  0  0  0  0  0  5 18  0  0  0  0  0  0  0  0  0  0 19  0  0  0  0  0  0
  0  0  0  0  0  0  0  0  0  0  0  0  0  0  0  0  0  0  0  0  0  0  0  3 16 17  0  0  0  0  0  0  0  0  0 17  0  0  0  0  0  0
0
0
1
 24 24  0  0  0  0  0  0  0  0  0  0  0  0  0  0  0  0  0  0  0  0  0  2 15 16  0  0  0  0  0  0  0  0  0 16  0  0  0  0  0  0
  9  9  0  0  0  0  0  0  0  0  0  0  0  0  0  0  0  0  0  0  0  0  0  0  0  1  0  0  0  0  0  0  0 13  0  1  0  0  0  0  0  0
  7  7  0  0  0  0  0  0  0  0  0  0 18  0  0  0  0  0  0  0  0  0  0  0  0  0  0  0  0  0  0  0  0 11  0  0  0  0  0  0  0  0
  0  0  0  0  0  0  0  0  0  0  0  0 11  0  0  0  0  0  0  0  0  0  0  0  0  0  0  0  0  0  0  0  0  4 19  0  0  0  0  0  0  0
  0  0  0  0  0  0  0  0  0  0  0  0 11  0  0  0  0  0  0  0  0  0  0  0  0  0  0  0  0  0  0  0  0  4 19 26  0  0  0  0  0  0
  0  0  0  0  0  0  0  0  0  0  0  0  9  0  0  0  0  0  0  0  0  0  0  0  0  0  0  0  0  0  0  0  0  2 17 24 19  0  0  0  0  0
  0  0  0  0  0  0  0  0  0  0  0  0  0  0  0  0  0  0  0  0  0  0  0 14  0  0  0  0  0  0  0  0  0  0  5 12  7  0  0  0  0  0
  0  0  0  0  0  0  0  0  0  0  0  0 21  0  0  0  0  0  0  0  0  0  0 13  0  0  0  0  0  0  0  0  0  0  4 11  6  0  0  0  0  0
0
0
1
 19 19  0  0  0  0  0  0  0  0  0  0 18  0  0  0  0  0  0  0  0  0  0 10  0  0  0  0  0  0  0  0  0  0  1  8  3  0  0  0  0  0
2
2
3
  2  2 27 27  0  0  0  0  0  0  0  0  1  0  0  0  0  0  0  0  0  0  0  0  0  0  0  0  0  0  0  0  0  0  0  0  0  0  0  0  0  0
  0  0 14 14  0  0  0  0  0  0  0  0  0  0  0  0  0  0  0  0  0  0  0  0  0  0  0  0  0  0  0  0  0 22  0  0  0  0  0  0  0  0
0
0
1
 14 14 13 13  0  0  0  0  0  0  0  0  0  0  0  0  0  0  0  0  0  0  0  0  0  0  0  0  0  0  0  0  0 21  0  0  0  0  0  0  0  0
2
2
3
  1  1 30 30  0  0  0  0  0  0  0  0  0  0  0  0  0  0  0  0  0  0  0  0  0  0  0  0  0  0  0  0  0  8  0  0  0  0  0  0  0  0
  1  1 30 30  0  0  0  0  0  0  0  0  0  0  0  0  0  0  0  0  0  0  0 20  0  0  0  0  0  0  0  0  0  8  0  0  0  0  0  0  0  0
4
4
5
  1  1 30 30 30 30  0  0  0  0  0  0  0  0  0  0  0  0  0  0  0  0  0 20  0  0  0  0  0  0  0  0  0  8  0  0  0  0  0  0  0  0
  0  0  0  0  0  0  0  0  0  0  0  0  0  0  0  0  0  0  0  0  0  0  0  0  0  0  0  0  0  0  0  0  0 16  0  0  0  0  0  0  0  0
  0  0  0  0  0  0  0  0  0  0  0  0  0  0  0  0  0  0  0  0  0  0  0  0  0  0  0  0  0  0  0  0  0 14 15  0  0  0  0  0  0  0
  0  0  0  0  0  0  0  0  0  0  0  0  9  0  0  0  0  0  0  0  0  0  0  0  0  0  0  0  0  0  0  0  0  1  2  0  0  0  0  0  0  0
  0  0  0  0  0  0  0  0  0  0  0  0  0  0  0  0  0  0  0  0  0  0  0 23  0  0  0  0  0  0  0  0  0  0  0  0  0  0  0  0  0  0
0
0
1
 14 14  0  0  0  0  0  0  0  0  0  0  0  0  0  0  0  0  0  0  0  0  0 23  0  0  0  0  0  0  0  0  0  0  0  0  0  0  0  0  0  0
  0  0  0  0  0  0  0  0  0  0  0  0  0  0  0  0  0  0  0  0  0  0  0 16  0  0  0  0  0  0  0  0  0  0  0  0  0  0  0  0  0  0
  0  0  0  0  0  0  0  0  0  0  0  0 22  0  0  0  0  0  0  0  0  0  0 16  0  0  0  0  0  0  0  0  0  0  0  0  0  0  0  0  0  0
0
0
1
 23 23  0  0  0  0  0  0  0  0  0  0 22  0  0  0  0  0  0  0  0  0  0 16  0  0  0  0  0  0  0  0  0  0  0  0  0  0  0  0  0  0
2
2
3
  9  9 28 28  0  0  0  0  0  0  0  0  8  0  0  0  0  0  0  0  0  0  0  2  0  0  0  0  0  0  0  0  0  0  0  0  0  0  0  0  0  0
  0  0 15 15  0  0  0  0  0  0  0  0 19  0  0  0  0  0  0  0  0  0  0  0  0  0  0  0  0  0  0  0  0  0  0  0  0  0  0  0  0  0
  0  0 10 10  0  0  0  0  0  0  0  0 14  0  0  0  0  0  0  0  0  0  0 25  0  0  0  0  0  0  0  0  0  0  0  0  0  0  0  0  0  0
0
0
1
 21 21  7  7  0  0  0  0  0  0  0  0 11  0  0  0  0  0  0  0  0  0  0 22  0  0  0  0  0  0  0  0  0  0  0  0  0  0  0  0  0  0
  9  9  0  0  0  0  0  0  0  0  0  0  0  0  0  0  0  0  0  0  0  0  0 10 17  0  0  0  0  0  0  0  0  0  0  0  0  0  0  0  0  0
待ち時間はwaiting_time.txtに書き込みました
