37 73 3
46 94 2
48 88 3
67 83 3
67 94 3
77 96 1
95 91 2
98 94 3
105 92 2
118 88 2
126 86 1
134 73 4
145 102 3
150 90 2
150 97 2
183 79 4
183 102 3
201 88 1
207 69 4
212 98 3
224 84 4
232 106 3
235 79 1
237 98 3
240 97 3
242 75 1
243 99 2
245 92 3
245 84 3
265 79 4
266 77 2
268 87 4
270 113 4
291 98 1
315 83 4
323 91 3
323 87 4
363 80 1
368 80 4
375 84 4
380 91 2
386 62 3
387 93 3
394 108 4
395 90 1
408 91 1
419 96 3
421 80 1
434 81 4
443 82 4
447 100 4
475 98 4
476 91 2
481 84 4
483 83 3
492 99 1
500 65 4
502 93 1
502 87 4
517 80 1
541 79 1
556 96 2
559 93 4
559 86 1
564 78 2
566 99 2
567 91 2
567 66 2
579 93 2
591 98 1
592 102 3
593 84 1
598 81 3
600 81 2
610 98 2
621 89 4
632 90 4
643 90 2
656 106 3
663 93 4
670 85 2
707 95 3
717 102 4
745 77 2
745 93 1
758 102 4
765 78 4
768 74 4
773 83 3
776 90 1
789 80 3
790 91 2
790 86 3
807 84 2
820 90 3
820 90 3
827 77 1
835 97 4
840 88 2
867 91 1
878 97 1
885 79 2
885 97 1
889 121 2
891 81 2
893 83 1
907 76 4
912 88 1
952 99 1
954 82 2
958 93 4
988 78 2
1008 90 3
1021 94 2
1023 101 3
1027 77 3
1030 93 2
1042 104 4
1058 109 2
1061 90 4
1088 94 2
1091 86 4
1092 79 1
1116 90 4
1117 87 1
1123 98 4
1129 83 1
1175 94 4
1189 81 3
1191 94 4
1201 98 4
1201 68 4
1211 93 2
1211 105 1
1214 78 3
1223 94 4
1247 100 4
1249 96 2
1265 90 1
1309 91 3
1310 88 4
1353 96 2
1358 90 1
1376 73 2
1380 88 1
1388 92 1
1398 83 2
1410 86 1
1421 91 3
1426 90 1
1435 101 3
1453 95 4
1461 97 4
1481 81 1
1487 90 2
1487 89 1
1499 90 2
1527 95 3
1529 112 3
1537 86 2
1542 118 2
1552 90 1
1554 93 3
1564 86 2
1586 85 2
1592 88 2
1595 89 4
1596 83 2
1601 101 3
1603 98 1
1613 87 2
1625 96 1
1627 96 2
1629 99 2
1654 75 2
1663 90 2
1671 78 1
1673 90 4
1682 82 3
1682 98 2
1690 85 3
1694 75 1
1701 101 2
1711 70 1
1714 93 2
1774 89 3
1793 76 4
1800 102 2
1803 79 4
1803 105 4
1820 83 3
1834 97 4
1889 86 4
1901 94 3
1903 84 1
1904 96 1
1904 84 1
1925 94 1
1930 87 4
1948 81 1
