7 19 1
13 22 1
13 22 1
15 24 1
16 18 1
17 17 1
18 23 1
22 15 1
22 18 1
22 21 1
27 19 1
30 12 1
36 22 1
36 26 1
38 13 1
40 13 1
44 18 1
45 17 1
47 18 1
61 17 1
66 16 1
69 15 1
70 17 1
71 28 1
87 9 1
89 18 1
93 24 1
110 21 1
117 22 1
124 23 1
129 24 1
129 21 1
129 17 1
131 11 1
131 25 1
131 15 1
131 25 2
134 14 2
145 20 2
147 28 2
149 15 2
150 15 2
162 18 2
163 19 2
168 11 2
168 17 2
168 20 2
176 18 2
179 20 2
182 20 2
185 13 2
188 24 2
188 18 2
192 17 2
196 10 2
200 20 2
200 9 2
202 24 2
203 21 2
204 10 2
215 17 2
216 21 2
225 21 2
225 14 2
225 14 2
225 12 3
230 14 3
232 21 3
232 19 3
243 26 3
246 20 3
246 23 3
247 32 3
250 25 3
251 20 3
260 26 3
263 14 3
263 17 3
263 21 3
264 15 3
266 13 3
266 15 3
268 23 3
270 15 3
275 18 3
276 20 3
281 13 3
281 28 3
289 19 3
292 17 3
294 12 3
295 28 3
303 15 3
304 21 3
308 20 3
308 20 3
326 21 4
329 14 4
330 22 4
330 19 4
339 19 4
339 20 4
342 20 4
345 19 4
346 24 4
346 12 4
347 20 4
350 25 4
350 19 4
351 23 4
353 11 4
355 17 4
367 19 4
367 20 4
379 20 4
380 18 4
380 16 4
380 23 4
382 16 4
387 21 4
390 19 4
393 16 4
405 18 4
409 23 4
416 23 4
416 22 4
430 13 4
433 20 4
436 19 4
436 23 4
448 11 4
457 18 4
457 19 4
458 21 4
460 17 5
471 24 5
473 23 5
473 11 5
477 17 5
481 17 5
486 11 5
487 27 5
495 9 5
500 15 5
503 17 5
513 17 5
534 21 5
535 12 5
541 20 5
541 24 5
544 23 5
548 19 5
551 8 5
553 18 5
556 10 5
556 20 5
556 18 5
557 15 5
566 15 5
569 15 5
577 20 5
582 14 5
584 13 5
585 22 5
600 23 5
600 19 5
602 27 5
602 22 5
603 16 5
604 20 5
613 21 6
618 22 6
618 14 6
618 20 6
619 21 6
622 23 6
623 17 6
624 15 6
627 21 6
629 16 6
629 16 6
630 20 6
632 19 6
633 18 6
633 18 6
636 21 6
637 16 6
655 20 6
656 20 6
657 26 6
658 18 6
661 29 6
661 25 6
662 18 6
662 23 6
662 22 6
665 18 6
668 19 6
668 18 6
670 19 6
