0
0
0
0
0
0
0
0
0
0
0
0
0
0
12
12
12
12
0
0
0
0
0
0
0
0
0
0
0
5
5
5
5
0
0
7
7
6
0
0
0
0
0
0
0
0
0
0
0
4
4
4
4
0
0
0
0
0
0
0
0
0
0
0
0
0
0
0
0
0
0
0
0
0
0
0
0
0
0
0
0
0
0
0
0
0
0
0
7
7
7
7
7
7
2
2
2
2
0
0
0
0
0
0
3
3
3
6
6
6
6
20
20
20
13
13
20
20
20
20
20
0
0
6
6
6
6
16
16
16
16
16
16
12
12
5
23
23
23
23
20
20
20
20
22
22
22
22
21
21
21
21
21
17
7
7
7
9
0
0
0
0
0
0
0
0
0
0
0
0
0
0
0
0
0
0
0
0
0
0
0
0
0
0
0
0
0
0
0
0
0
0
0
0
0
0
0
0
0
0
0
0
0
3
3
3
3
1
2
2
2
0
0
0
0
0
0
0
0
0
0
0
0
13
13
13
12
12
12
4
4
0
7
7
7
7
7
6
6
6
14
14
12
12
12
18
18
18
18
13
13
16
16
16
16
2
2
2
2
14
14
14
23
23
23
23
35
35
35
30
30
30
30
52
52
52
52
38
38
38
44
44
34
34
34
34
25
0
0
0
0
0
0
0
0
0
0
0
0
3
3
12
7
0
0
0
0
0
0
0
0
0
0
8
8
8
8
0
0
0
0
0
0
0
0
0
0
0
0
0
0
0
0
0
0
0
6
6
6
6
14
14
11
11
11
13
13
13
13
4
4
3
0
0
0
0
0
0
0
4
4
4
6
6
6
6
1
0
0
0
0
2
2
2
0
0
0
0
9
9
9
9
8
8
8
6
6
6
3
3
3
3
0
0
0
0
0
0
0
0
0
0
0
0
0
0
0
0
0
0
0
0
0
0
0
0
0
0
0
0
0
0
0
0
0
0
0
0
0
0
0
0
9
9
9
4
4
4
4
14
14
14
12
12
12
11
14
14
14
14
12
12
11
11
11
11
23
23
23
23
28
28
28
28
16
16
16
15
15
26
9
1
1
1
1
14
9
9
9
9
9
0
0
0
0
0
0
0
0
0
0
0
0
0
0
0
0
0
0
0
0
0
0
0
0
0
0
0
0
0
0
