0
0
0
0
0
0
0
0
0
0
0
0
0
0
12
12
12
12
0
0
0
0
0
0
0
0
0
0
0
5
5
5
5
0
0
0
0
0
0
0
0
0
0
0
0
0
0
0
0
4
4
4
4
0
0
0
0
0
0
0
0
0
0
0
0
2
2
2
2
2
2
2
2
0
0
0
0
0
0
0
0
0
0
0
0
0
0
0
7
7
7
7
0
0
12
12
12
12
0
0
0
3
3
3
6
6
6
23
23
23
23
5
5
5
0
0
16
16
16
16
0
0
0
12
12
12
12
0
0
12
12
12
12
15
15
0
19
19
19
19
15
15
15
15
25
25
25
25
0
21
21
21
21
0
0
0
0
0
0
0
0
0
0
0
0
0
0
0
0
0
0
0
0
0
0
0
0
0
0
0
0
0
0
0
0
0
0
0
0
0
0
0
0
0
0
0
0
0
0
0
0
0
0
1
1
1
1
0
1
1
1
0
0
0
0
0
0
0
0
0
0
0
0
3
3
3
12
12
12
0
0
0
0
0
0
0
0
0
0
0
0
0
5
5
5
12
12
12
12
0
0
2
2
2
2
0
0
0
0
0
0
0
9
9
9
9
8
8
8
16
16
16
16
21
21
21
21
11
11
11
13
13
9
9
9
9
0
0
0
0
0
0
0
0
0
0
0
0
0
0
0
0
0
1
1
1
1
0
0
4
4
4
4
0
0
0
0
0
0
0
0
0
0
0
0
0
0
0
0
0
0
0
0
0
0
0
6
6
6
6
0
0
0
0
0
0
0
0
0
0
0
0
0
0
0
0
0
0
0
0
0
0
6
6
6
6
0
0
0
0
0
0
0
0
0
0
0
0
0
0
0
0
4
4
4
6
6
6
0
0
0
0
0
0
0
0
0
0
0
0
0
0
0
0
0
0
0
0
0
0
0
0
0
0
0
0
0
0
0
0
0
0
0
0
0
0
0
0
0
0
0
0
9
9
9
4
4
4
4
14
14
14
12
12
12
0
5
5
5
5
11
11
9
9
9
9
9
9
9
9
26
26
26
26
21
21
21
0
0
4
0
0
0
0
0
0
0
0
0
0
0
0
0
0
0
0
0
0
0
0
0
0
0
0
0
0
0
0
0
0
0
0
0
0
0
0
0
0
0
0
0
