1 10 0
1 10 0
2 12 0
3 16 0
3 16 0
3 16 0
4 27 0
4 27 0
5 29 0
6 31 0
6 31 0
6 31 0
7 37 0
7 37 0
8 39 12
8 39 12
8 39 12
8 39 12
9 67 0
10 87 0
10 87 0
11 93 0
11 93 0
12 103 0
12 103 0
13 107 0
13 107 0
14 110 0
14 110 0
15 111 5
15 111 5
15 111 5
15 111 5
16 127 0
16 127 0
17 128 7
17 128 7
18 129 6
19 165 0
19 165 0
19 165 0
20 174 0
20 174 0
20 174 0
20 174 0
21 184 0
21 184 0
21 184 0
21 184 0
22 189 4
22 189 4
22 189 4
22 189 4
23 204 0
23 204 0
24 223 0
24 223 0
24 223 0
24 223 0
25 224 0
25 224 0
26 238 0
26 238 0
26 238 0
26 238 0
27 240 0
27 240 0
27 240 0
27 240 0
28 252 0
28 252 0
28 252 0
28 252 0
29 253 0
30 266 0
30 266 0
31 274 0
32 278 0
32 278 0
33 303 0
33 303 0
34 304 0
34 304 0
34 304 0
34 304 0
35 313 0
35 313 0
35 313 0
36 316 7
36 316 7
36 316 7
36 316 7
37 320 7
37 320 7
38 325 2
38 325 2
38 325 2
38 325 2
39 328 0
40 329 0
40 329 0
41 343 0
41 343 0
41 343 0
42 343 3
42 343 3
42 343 3
43 344 6
43 344 6
43 344 6
43 344 6
44 344 20
44 344 20
44 344 20
45 351 13
45 351 13
46 355 20
46 355 20
46 355 20
46 355 20
47 355 20
48 378 0
49 378 0
50 380 6
50 380 6
50 380 6
50 380 6
51 382 16
51 382 16
52 382 16
52 382 16
52 382 16
52 382 16
53 386 12
53 386 12
54 393 5
55 393 23
55 393 23
55 393 23
55 393 23
56 397 20
56 397 20
56 397 20
56 397 20
57 400 22
57 400 22
57 400 22
57 400 22
58 401 21
59 414 21
59 414 21
59 414 21
59 414 21
60 422 17
61 432 7
62 432 7
62 432 7
63 444 9
64 453 0
65 477 0
65 477 0
65 477 0
66 487 0
66 487 0
67 494 0
67 494 0
67 494 0
67 494 0
68 525 0
68 525 0
68 525 0
68 525 0
69 527 0
69 527 0
69 527 0
70 531 0
70 531 0
70 531 0
70 531 0
71 552 0
71 552 0
71 552 0
71 552 0
72 569 0
73 571 0
73 571 0
73 571 0
73 571 0
74 588 0
74 588 0
74 588 0
75 606 0
75 606 0
75 606 0
76 614 0
76 614 0
77 619 0
77 619 0
77 619 0
77 619 0
78 620 0
78 620 0
78 620 0
79 638 3
79 638 3
79 638 3
79 638 3
80 640 1
81 640 2
81 640 2
81 640 2
82 647 0
82 647 0
83 667 0
83 667 0
83 667 0
84 677 0
84 677 0
84 677 0
85 683 0
85 683 0
85 683 0
85 683 0
86 686 13
86 686 13
86 686 13
87 687 12
87 687 12
87 687 12
88 696 4
88 696 4
89 707 0
90 707 7
90 707 7
90 707 7
90 707 7
91 707 7
92 708 6
92 708 6
92 708 6
93 715 14
93 715 14
94 717 12
94 717 12
94 717 12
95 717 18
95 717 18
95 717 18
95 717 18
96 722 13
96 722 13
97 738 16
97 738 16
97 738 16
97 738 16
98 752 2
98 752 2
98 752 2
98 752 2
99 755 14
99 755 14
99 755 14
100 757 23
100 757 23
100 757 23
100 757 23
101 759 35
101 759 35
101 759 35
102 764 30
102 764 30
102 764 30
102 764 30
103 764 52
103 764 52
103 764 52
103 764 52
104 781 38
104 781 38
104 781 38
105 783 44
105 783 44
106 793 34
106 793 34
106 793 34
106 793 34
107 802 25
108 858 0
108 858 0
108 858 0
109 858 0
110 864 0
111 865 0
111 865 0
112 870 0
112 870 0
112 870 0
113 871 0
113 871 0
114 875 3
114 875 3
115 877 12
116 882 7
117 892 0
117 892 0
117 892 0
117 892 0
118 911 0
118 911 0
119 913 0
119 913 0
119 913 0
119 913 0
120 923 8
120 923 8
120 923 8
120 923 8
121 934 0
122 936 0
122 936 0
122 936 0
122 936 0
123 936 0
124 941 0
125 957 0
126 966 0
126 966 0
127 984 0
127 984 0
127 984 0
127 984 0
128 992 0
128 992 0
128 992 0
129 1001 0
129 1001 0
130 1002 6
130 1002 6
130 1002 6
130 1002 6
131 1006 14
131 1006 14
132 1009 11
132 1009 11
132 1009 11
133 1024 13
133 1024 13
133 1024 13
133 1024 13
134 1036 4
134 1036 4
135 1037 3
136 1042 0
137 1052 0
138 1054 0
139 1060 0
140 1064 0
140 1064 0
140 1064 0
141 1064 4
141 1064 4
141 1064 4
142 1070 6
142 1070 6
142 1070 6
142 1070 6
143 1086 1
144 1088 0
145 1098 0
145 1098 0
145 1098 0
146 1108 2
146 1108 2
146 1108 2
147 1115 0
147 1115 0
147 1115 0
147 1115 0
148 1123 9
148 1123 9
148 1123 9
148 1123 9
149 1126 8
149 1126 8
149 1126 8
150 1128 6
150 1128 6
150 1128 6
151 1153 3
151 1153 3
151 1153 3
151 1153 3
152 1158 0
152 1158 0
153 1158 0
153 1158 0
154 1159 0
154 1159 0
154 1159 0
155 1187 0
155 1187 0
155 1187 0
155 1187 0
156 1192 0
156 1192 0
156 1192 0
157 1197 0
158 1205 0
159 1226 0
160 1230 0
161 1231 0
161 1231 0
161 1231 0
162 1237 0
162 1237 0
163 1246 0
164 1247 0
164 1247 0
164 1247 0
164 1247 0
165 1277 0
165 1277 0
165 1277 0
166 1286 0
166 1286 0
166 1286 0
166 1286 0
167 1288 0
167 1288 0
167 1288 0
167 1288 0
168 1292 0
169 1297 9
169 1297 9
169 1297 9
170 1303 4
170 1303 4
170 1303 4
170 1303 4
171 1313 14
171 1313 14
171 1313 14
172 1315 12
172 1315 12
172 1315 12
173 1316 11
174 1331 14
174 1331 14
174 1331 14
174 1331 14
175 1333 12
175 1333 12
176 1340 11
176 1340 11
176 1340 11
176 1340 11
177 1340 23
177 1340 23
177 1340 23
177 1340 23
178 1342 28
178 1342 28
178 1342 28
178 1342 28
179 1354 16
179 1354 16
179 1354 16
180 1355 15
180 1355 15
181 1358 26
182 1375 9
183 1388 1
183 1388 1
183 1388 1
183 1388 1
184 1389 14
185 1402 9
186 1402 9
186 1402 9
186 1402 9
187 1402 9
188 1442 0
188 1442 0
188 1442 0
188 1442 0
189 1444 0
189 1444 0
189 1444 0
189 1444 0
190 1457 0
190 1457 0
191 1489 0
191 1489 0
191 1489 0
192 1489 0
193 1525 0
193 1525 0
193 1525 0
194 1525 0
194 1525 0
195 1525 0
196 1539 0
197 1552 0
197 1552 0
198 1557 0
198 1557 0
198 1557 0
199 1560 0
200 1572 0
200 1572 0
200 1572 0
